899980433083900349
899980433083900350
899980433083900353
899980433083900354
899980433083900355
899980433083900356
899980433083900357
899980433083900358
899980433083900359
899980433083900360
899980433083900361
899980433083900362
899980433083900363
899980433083900364
899980433083900365
899980433083900366
899980433083900367
899980433083900368
899980433083900369
899980433083900370
899980433083900371
899980433083900372
899980433083900373
899980433083900374
899980433083900375
899980433083900376
899980433083900377
899980433083900378
899980433083900379
899980433083900380
899980433083900381
899980433083900382
899980433083900383
899980433083900384
899980433083900385
899980433083900386
899980433083900387
899980433083900388
899980433083900389
899980433083900390
899980433083900391
899980433083900392
899980433083900393
899980433083900394
899980433083900395
899980433083900396
899980433083900397
899980433083900398
899980433083900399
899980433083900400
899980433083900487
899980433083900488
899980433083900489
899980433083900490
899980433083900491
899980433083900492
899980433083900493
899980433083900494
899980433083900495
899980433083900496
899980433083900497
899980433083900498
899980433083900499
899980433083900500
899980433083900568
899980433083900569
899980433083900570
899980433083900571
899980433083900572
899980433083900573
899980433083900574
899980433083900575
899980433083900576
899980433083900577
899980433083900578
899980433083900579
899980433083900580
899980433083900581
899980433083900582
899980433083900583
899980433083900584
899980433083900585
899980433083900586
899980433083900587
899980433083900588
899980433083900589
899980433083900590
899980433083900591
899980433083900592
899980433083900593
899980433083900594
899980433083900595
899980433083900596
899980433083900597
899980433083900598
899980433083900599
899980433083900600
899980433083900618
899980433083900619
899980433083900620
899980433083900621
899980433083900622
899980433083900623
899980433083900624
899980433083900625
899980433083900626
899980433083900627
899980433083900628
899980433083900629
899980433083900630
899980433083900631
899980433083900632
899980433083900633
899980433083900634
899980433083900635
899980433083900636
899980433083900637
899980433083900638
899980433083900639
899980433083900640
899980433083900641
899980433083900642
899980433083900643
899980433083900644
899980433083900645
899980433083802556
899980433083802557
899980433083802558
899980433083802559
899980433083802560
899980433083802561
899980433083802562
899980433083802563
899980433083802564
899980433083802565
899980433083802566
899980433083802567
899980433083802568
899980433083802569
899980433083802570
899980433083802571
899980433083802572
899980433083802573
899980433083802574
899980433083802575
899980433083802576
899980433083802577
899980433083802578
899980433083802579
899980433083802580
899980433083802581
899980433083802582
899980433083802583
899980433083802584
899980433083802585
899980433083802586
899980433083802587
899980433083802588
899980433083802589
899980433083802590
899980433083802591
899980433083802592
899980433083802593
899980433083802594
899980433083802595
899980433083802596
899980433083802597
899980433083802598
899980433083802599
899980433083802600
899980433083802601
899980433083802602
899980433083802603
899980433083802604
899980433083802605
899980433083802606
899980433083802607
899980433083802608
899980433083802609
899980433083802610
899980433083802611
899980433083802612
899980433083802613
899980433083802614
899980433083802615
899980433083802616
899980433083802617
899980433083802618
899980433083802619
899980433083802620
899980433083802621
899980433083802638
